500
U
0 29
0 136
0 360
0 370
1 21
1 24
1 49
1 53
1 97
1 228
1 416
1 488
2 49
2 139
2 249
2 297
2 345
2 372
2 475
3 115
3 244
3 257
3 383
3 455
3 489
4 20
4 89
4 117
4 141
4 195
4 280
4 364
4 490
5 78
5 95
5 366
5 380
5 415
6 75
6 85
6 276
6 403
6 461
7 150
7 215
7 332
7 377
7 443
7 495
8 287
8 374
8 391
8 420
8 487
9 0
9 83
9 331
9 443
10 39
10 187
10 192
10 412
10 427
11 47
11 146
12 16
12 61
12 110
12 182
12 211
12 332
12 357
12 374
12 474
13 233
13 386
13 398
14 25
14 60
14 87
14 104
14 239
14 380
14 384
14 451
15 15
15 46
15 78
15 106
15 361
16 0
16 343
16 361
16 462
17 66
17 286
17 376
17 468
18 361
18 486
19 211
19 252
19 330
19 358
19 370
19 466
20 43
20 150
20 152
20 346
20 353
21 15
21 159
21 230
21 292
21 309
22 181
22 332
22 349
23 46
23 81
23 192
23 221
23 266
23 416
23 471
23 499
24 87
24 273
24 314
24 431
24 455
24 490
25 20
25 491
26 202
26 215
26 420
27 37
27 218
27 266
27 337
27 382
27 427
27 428
27 441
28 194
28 496
29 100
29 173
29 265
29 451
30 237
30 241
30 446
31 327
31 429
32 45
32 62
32 84
32 416
33 74
33 103
33 237
33 471
34 365
35 21
35 110
35 219
35 237
35 307
36 51
36 201
36 282
36 378
37 221
37 383
38 174
38 363
38 424
38 464
38 487
39 16
39 78
39 105
40 40
40 84
40 319
40 496
41 132
41 152
41 252
41 432
41 449
42 22
42 80
42 114
42 278
42 371
42 473
43 89
43 256
43 322
43 333
43 340
43 371
44 41
44 163
44 319
44 356
44 388
44 410
45 1
45 218
45 327
45 411
46 8
46 276
47 13
47 207
47 335
47 359
47 392
48 73
48 372
48 415
49 92
49 185
49 214
50 219
50 246
50 283
50 286
50 364
50 375
50 382
52 398
53 69
53 144
53 202
53 337
53 409
53 472
54 176
55 9
55 209
55 357
56 6
56 33
56 105
56 189
56 219
56 225
56 286
56 491
57 71
57 80
57 199
57 234
57 341
58 223
58 360
58 414
58 490
59 171
59 267
59 281
59 326
59 393
59 474
60 18
60 95
60 96
60 109
60 381
60 465
61 9
61 85
61 137
61 148
61 184
61 193
61 323
61 428
61 467
62 262
62 316
62 385
63 18
63 106
63 126
63 296
63 333
63 363
63 381
64 211
64 283
64 358
64 432
65 177
65 401
65 402
66 174
67 323
67 365
68 174
68 245
68 364
68 496
69 37
69 116
69 200
69 260
69 430
69 497
70 99
70 200
70 347
71 46
71 326
71 468
71 475
71 495
72 20
72 103
72 252
72 323
73 3
73 27
73 36
73 295
73 329
73 419
74 170
74 245
74 483
75 38
75 224
76 20
76 41
76 320
76 459
78 100
78 298
78 315
78 378
78 395
79 14
79 93
79 332
79 346
80 28
80 223
80 260
80 404
81 180
82 16
82 65
82 89
82 116
82 269
82 376
82 403
82 495
83 13
83 320
83 361
84 200
84 307
85 7
85 77
85 191
85 213
85 280
85 361
86 45
86 98
86 393
86 430
86 495
87 200
87 209
87 276
87 320
87 323
88 135
88 267
88 286
88 384
88 488
88 491
89 177
89 303
89 340
89 368
90 80
90 85
90 116
90 203
90 372
90 382
90 384
91 120
91 494
92 21
92 135
92 173
92 312
92 330
92 372
92 410
92 417
92 454
93 63
93 74
93 127
93 193
93 332
94 39
94 76
94 128
94 252
94 386
94 444
95 37
95 57
95 115
95 154
95 195
95 489
95 495
96 44
96 99
96 210
96 217
96 221
96 466
97 6
97 50
97 56
97 109
97 167
97 211
97 287
97 331
97 358
97 401
97 432
98 206
98 235
98 251
98 296
98 378
98 410
99 55
99 154
99 228
99 328
99 337
99 413
100 89
100 164
100 277
100 442
101 85
101 145
101 185
101 293
101 325
101 340
102 111
102 256
102 418
103 149
103 247
103 283
103 412
103 478
104 61
104 227
104 326
105 40
105 158
105 185
105 405
106 1
106 51
106 386
106 408
106 431
106 474
106 486
107 105
107 397
108 98
108 117
108 349
108 392
108 396
108 397
108 491
109 214
109 371
110 18
110 371
110 422
111 9
111 176
111 212
111 296
111 398
111 457
112 81
112 364
112 396
113 65
113 70
113 72
113 184
113 213
113 226
113 237
113 359
114 209
114 271
114 352
114 371
114 476
115 65
115 102
115 241
115 421
115 440
116 22
116 52
116 209
116 264
116 358
116 424
117 222
117 268
117 338
117 428
117 430
117 482
118 28
118 77
118 107
118 357
118 410
119 162
119 169
119 310
119 335
119 402
119 405
120 118
120 194
120 215
120 267
120 284
120 436
121 14
121 24
121 153
121 219
121 245
121 392
122 34
122 124
122 130
122 488
123 47
123 72
123 139
123 175
123 181
123 287
123 326
123 373
124 26
124 280
124 417
124 494
125 226
125 230
125 362
125 376
125 411
126 46
126 57
126 126
126 269
126 315
126 335
126 450
126 470
127 152
127 176
127 235
127 296
127 429
127 435
128 3
128 18
128 43
128 351
129 3
129 4
129 220
129 286
129 402
130 66
130 128
130 305
130 323
131 27
131 144
131 153
131 197
131 221
131 233
131 438
132 96
132 145
132 271
133 108
133 226
133 240
133 242
133 255
133 325
133 354
134 18
134 204
134 459
135 35
135 107
135 338
135 395
135 497
136 355
136 365
136 444
137 0
137 113
137 221
137 309
137 334
137 370
137 371
137 387
137 490
138 18
138 130
138 260
138 352
138 452
138 460
138 468
139 42
139 58
139 219
139 275
139 318
139 376
139 393
140 75
140 110
140 148
140 248
140 281
140 358
140 453
141 11
141 36
141 111
141 445
141 459
141 495
142 39
142 105
142 225
142 249
142 300
142 379
142 402
142 408
143 54
143 160
143 209
143 235
143 236
143 440
143 446
143 479
143 481
144 138
144 241
144 399
145 143
145 225
145 277
145 321
145 402
145 443
146 78
146 98
146 348
146 380
146 440
147 4
147 365
147 488
148 29
148 51
148 152
148 174
148 459
149 90
149 120
149 156
149 165
149 166
149 411
150 54
150 375
150 393
150 486
151 13
151 25
151 28
151 39
151 62
151 378
152 36
152 145
152 263
152 384
153 3
153 82
153 131
153 182
153 298
154 24
154 72
154 339
154 346
155 220
155 237
155 356
155 431
156 117
156 171
156 245
156 290
156 491
157 175
157 181
158 9
158 38
158 73
158 210
158 308
158 381
158 443
159 123
159 281
159 337
159 423
159 490
160 11
160 115
160 118
160 215
160 255
160 386
160 471
161 75
161 88
161 117
161 162
161 250
161 301
161 370
161 418
162 74
162 82
162 212
162 255
162 262
162 305
163 155
163 183
163 219
163 222
163 358
164 30
164 84
164 191
164 403
164 449
165 98
165 239
165 484
166 25
166 28
166 136
166 222
166 230
167 157
167 196
167 223
167 227
167 315
167 341
167 386
167 483
168 21
168 98
168 351
168 480
168 482
169 9
169 103
169 325
169 433
169 458
169 491
170 58
170 154
170 277
170 334
170 342
170 423
171 100
171 115
171 181
171 454
172 64
172 258
172 302
173 59
173 84
173 131
173 174
173 434
173 465
173 496
174 36
174 101
174 242
174 345
174 464
174 489
175 34
175 70
175 99
175 300
175 407
175 412
175 435
176 72
176 85
176 110
176 135
176 214
177 1
177 5
177 142
177 149
177 199
177 233
177 238
177 268
177 474
178 67
178 255
178 487
179 14
179 176
179 330
179 437
179 499
180 57
180 82
180 156
180 472
181 218
181 235
181 327
181 409
181 470
182 213
182 241
182 263
182 294
182 417
183 146
183 193
183 237
183 268
183 347
183 424
183 442
183 469
183 471
184 148
184 209
184 246
184 275
184 357
184 373
184 432
184 478
185 38
185 61
185 94
185 276
185 328
185 330
186 67
186 303
186 346
186 392
186 404
186 458
186 495
187 48
187 105
187 173
187 188
188 41
188 125
188 134
188 345
188 479
189 289
189 440
190 133
190 263
191 38
191 184
191 395
191 466
191 486
192 12
192 51
192 170
192 306
192 396
192 451
192 499
193 68
193 143
193 203
193 469
194 66
194 184
194 287
194 289
194 319
194 322
194 478
195 46
195 202
195 306
195 381
195 403
195 489
196 209
196 322
196 387
196 417
196 429
197 18
197 174
197 208
198 112
198 119
198 189
198 228
198 289
198 297
198 313
199 187
199 336
199 371
199 377
200 4
200 336
200 352
200 374
200 415
201 113
201 197
201 417
201 430
201 474
201 492
202 4
202 54
202 165
202 259
202 412
203 9
203 14
203 100
203 267
203 289
203 497
204 32
204 322
204 338
204 399
205 53
205 146
205 174
205 300
205 375
205 391
205 428
206 73
206 77
206 109
206 168
206 301
206 417
207 31
207 205
207 251
207 316
207 469
207 476
207 481
207 485
208 154
208 193
209 174
209 320
209 333
209 357
209 358
209 367
209 386
210 237
211 237
211 292
211 299
212 11
212 157
212 312
212 468
213 298
214 74
214 244
215 126
215 298
216 51
216 233
216 302
216 403
216 407
216 416
217 113
217 161
217 175
217 210
217 436
217 447
217 454
218 221
218 284
219 265
219 332
220 107
220 398
221 0
221 195
221 218
221 230
221 238
221 362
222 3
222 75
222 384
223 21
223 114
223 127
223 206
223 317
223 380
223 448
223 453
224 45
224 86
224 160
224 221
224 308
224 364
224 384
225 65
225 116
225 156
225 452
225 473
226 103
226 148
226 286
226 324
227 28
227 166
227 208
227 277
227 292
227 330
227 389
228 62
228 76
228 103
228 166
228 303
228 354
228 403
228 469
229 63
229 217
230 183
230 277
230 435
231 1
231 25
231 104
231 136
231 191
232 180
232 188
233 130
233 131
233 170
233 244
233 245
233 255
234 58
234 164
234 246
235 87
235 89
235 107
235 188
235 221
235 253
235 344
235 375
235 382
235 391
235 429
236 0
236 74
236 84
236 113
236 123
236 199
236 216
236 342
236 434
237 69
237 76
237 160
237 172
237 449
238 15
238 44
238 421
239 7
239 43
239 124
239 129
240 36
240 196
240 272
240 367
240 474
241 39
241 67
241 105
241 419
242 82
242 156
242 201
242 225
243 100
243 259
243 411
244 142
244 144
244 210
244 213
244 230
244 303
245 20
245 292
245 383
246 155
246 435
247 210
247 212
247 386
247 450
248 4
248 8
248 31
248 51
248 55
248 264
248 314
248 488
249 12
249 32
249 197
249 254
249 285
249 339
249 372
249 393
249 429
250 54
250 93
250 263
250 279
250 401
250 402
251 165
251 172
251 179
251 193
251 195
251 240
251 253
251 287
251 319
251 410
251 454
251 485
252 6
252 21
252 44
252 47
252 137
252 144
252 167
252 192
252 255
252 315
253 13
253 67
253 90
253 107
253 112
253 256
253 286
253 441
254 23
254 132
254 257
254 410
254 475
254 497
255 59
255 150
255 216
255 292
256 120
256 139
256 188
256 345
256 371
257 80
257 408
258 25
258 100
258 290
258 303
258 304
258 316
258 346
259 21
259 179
259 284
259 410
260 33
260 336
260 345
260 385
261 6
261 295
261 333
261 376
261 412
261 447
261 483
262 0
262 231
262 316
262 493
263 28
263 51
263 239
263 372
263 438
264 215
264 297
264 382
264 400
265 175
266 6
266 136
266 162
266 165
266 335
267 29
267 91
267 244
267 264
267 378
267 419
267 443
267 454
267 476
268 203
268 344
268 391
269 66
269 186
269 325
269 438
269 484
270 19
270 105
270 164
270 261
270 281
270 305
270 396
270 497
271 45
271 74
271 172
271 270
271 272
271 317
271 413
272 59
272 164
273 72
273 296
273 321
274 350
274 410
274 414
274 465
275 15
275 17
275 78
275 88
275 162
275 166
275 254
275 269
276 12
276 59
276 105
276 115
276 179
276 283
276 342
276 365
276 415
277 133
277 175
277 229
277 268
277 321
277 356
277 475
278 131
278 145
278 243
279 60
279 207
279 399
280 199
280 218
280 468
281 65
281 85
281 194
281 247
281 252
281 423
281 464
281 496
282 392
282 398
282 416
282 494
283 34
283 214
283 300
283 346
284 35
284 160
284 324
284 436
285 40
285 354
285 391
285 404
285 418
285 445
286 51
286 85
286 87
286 213
286 229
286 374
287 42
287 58
287 86
287 95
287 229
287 259
287 400
287 416
287 434
287 452
288 85
288 235
288 279
288 282
288 335
289 46
289 156
289 249
289 251
289 381
290 92
290 109
290 115
290 184
290 258
290 305
290 453
291 291
291 342
291 358
291 367
291 368
291 375
291 424
292 125
292 237
292 272
292 352
292 381
292 435
293 95
293 206
293 210
293 214
293 244
293 257
293 291
293 314
293 446
293 494
293 499
294 92
294 189
294 360
294 421
295 32
295 107
295 427
295 431
295 464
295 472
296 9
296 20
296 73
296 86
296 212
296 261
296 400
297 189
297 199
297 286
297 327
297 357
297 406
297 473
298 32
298 119
298 182
298 244
298 365
298 413
299 17
299 55
299 107
299 114
299 246
299 309
299 359
300 104
300 188
300 263
300 420
300 490
301 11
301 287
301 379
302 26
302 75
302 117
302 271
302 294
302 365
302 422
302 471
303 129
303 203
303 267
303 342
304 15
304 62
304 113
304 126
304 176
304 185
304 259
304 319
305 46
305 74
305 84
305 238
305 264
305 287
305 371
305 438
305 457
305 474
306 71
306 79
306 220
306 300
306 307
307 100
307 124
307 400
308 187
308 242
308 290
308 375
308 454
309 47
309 236
309 291
309 367
310 373
310 441
311 3
311 66
311 329
312 13
312 21
312 168
312 182
312 229
312 312
312 442
313 18
313 231
313 424
314 8
314 77
314 176
314 210
314 355
314 457
315 103
315 107
315 132
315 165
315 266
315 300
315 362
315 373
316 9
316 97
316 123
316 235
316 319
316 360
316 397
316 409
316 470
317 232
317 275
317 453
318 19
318 60
318 178
318 209
318 290
319 0
319 318
319 370
319 415
320 46
320 87
320 169
320 269
320 305
320 357
321 50
321 198
321 250
321 262
321 300
321 368
321 370
321 463
321 478
322 192
322 197
322 318
322 321
322 408
323 1
323 132
323 164
323 181
323 183
323 299
323 471
324 489
325 81
325 223
325 357
325 401
326 140
326 164
326 176
326 405
327 8
327 39
327 221
327 240
327 345
328 81
328 98
328 164
328 443
328 468
329 155
330 91
330 110
330 213
330 252
330 281
330 287
330 322
330 330
331 17
331 88
331 140
331 278
331 318
331 466
331 494
332 7
332 8
332 50
332 61
333 4
333 140
333 347
333 397
333 420
333 463
334 221
334 397
335 217
335 298
335 357
336 14
336 122
336 306
336 359
336 379
336 434
337 82
337 148
337 206
337 227
337 273
337 306
337 399
337 417
337 481
338 18
338 130
338 167
338 173
338 250
338 377
338 390
338 461
339 67
339 132
339 280
340 45
340 132
340 158
340 213
341 67
341 173
341 228
341 265
341 271
341 451
341 470
342 2
342 76
342 156
342 214
342 260
342 264
342 369
342 423
343 251
343 322
343 380
343 421
344 23
344 37
344 87
344 335
344 351
344 378
344 434
345 72
345 112
345 253
345 269
345 338
346 26
346 47
346 73
346 410
346 458
346 498
347 11
347 39
347 192
347 265
347 303
348 2
348 74
348 207
348 213
348 396
348 397
348 430
348 481
348 497
349 117
349 160
349 161
349 170
349 208
350 102
350 202
350 239
350 310
351 12
351 193
351 226
351 342
351 485
352 166
352 260
352 348
352 351
352 437
352 449
352 469
353 136
353 166
353 200
353 466
354 124
354 193
354 244
354 294
354 382
354 413
355 4
355 103
355 240
355 292
355 469
356 8
356 12
356 24
356 39
356 318
356 325
356 336
357 6
357 46
357 141
358 35
358 235
358 236
358 385
358 422
359 156
360 288
360 321
360 423
360 470
361 30
361 109
361 157
361 331
361 384
362 12
362 176
362 242
362 325
362 415
363 206
363 255
364 44
364 97
364 390
364 394
364 402
364 428
364 433
365 343
365 389
366 138
366 197
366 245
366 395
366 435
366 453
367 101
367 206
367 220
367 401
367 413
367 482
368 3
368 33
368 70
368 271
368 342
369 136
369 291
370 74
370 78
370 105
370 134
370 162
370 165
370 259
370 276
370 437
371 208
371 243
371 251
371 378
372 22
372 53
372 113
372 174
372 238
372 298
373 32
373 148
373 317
373 378
373 425
373 455
374 177
374 217
374 293
374 303
374 325
374 479
375 215
375 322
375 372
375 404
376 183
376 231
376 365
376 426
376 438
377 4
377 45
377 65
377 328
377 397
378 43
378 172
378 233
379 16
379 381
379 450
380 169
380 212
380 214
380 405
380 410
381 95
381 119
381 186
381 195
381 232
381 351
381 361
381 428
382 9
382 414
383 5
383 34
383 54
383 137
383 294
383 380
383 476
383 493
384 439
385 2
385 92
385 111
385 169
385 254
386 3
386 127
386 165
386 486
387 33
387 142
387 157
387 221
387 395
388 62
388 165
388 413
389 27
389 33
389 99
389 173
389 232
389 247
389 283
389 314
389 456
390 83
390 88
390 427
391 90
391 247
391 302
391 309
391 336
391 359
391 395
391 412
391 437
392 233
392 397
392 424
392 432
392 440
392 464
393 109
393 257
394 61
394 306
394 453
395 40
395 60
395 62
395 95
395 136
395 474
396 35
396 207
396 227
397 112
397 431
397 465
398 28
398 195
398 210
398 487
399 28
399 41
399 74
399 251
399 252
400 3
400 5
400 70
400 126
400 150
400 188
400 270
400 387
400 479
400 481
401 62
401 89
401 138
401 143
401 225
401 245
401 276
401 400
401 426
402 269
402 425
402 486
403 177
404 58
404 63
404 281
404 325
404 336
404 339
404 393
404 435
404 446
404 499
405 10
405 38
405 64
405 140
405 477
405 478
406 238
406 427
407 57
407 390
407 416
408 202
408 309
408 358
408 372
408 481
409 3
409 393
410 170
410 296
410 377
410 494
411 33
411 329
411 414
412 107
412 116
412 219
412 222
412 301
412 416
413 231
413 297
413 304
413 321
413 356
413 401
413 469
413 483
414 40
414 95
414 239
414 379
414 481
415 138
415 160
415 424
416 135
416 379
416 445
417 32
417 211
417 223
417 249
417 355
417 391
417 480
418 245
418 270
418 368
419 195
419 239
419 347
419 423
420 229
420 411
421 303
421 334
421 464
422 89
422 123
422 319
422 461
423 5
423 114
423 137
423 205
423 223
423 244
423 347
424 42
424 47
424 141
424 158
424 437
425 15
426 17
426 154
427 46
427 68
427 72
427 101
427 130
427 322
427 379
428 243
428 250
428 372
429 119
429 129
429 237
429 335
429 382
429 477
430 111
430 137
430 318
430 393
430 404
430 449
431 1
431 22
431 94
431 183
431 250
431 284
431 395
431 461
431 467
432 191
432 277
432 282
432 287
432 345
432 450
433 344
434 40
434 42
434 178
434 232
434 301
434 367
434 436
435 20
435 95
435 210
435 237
435 286
435 292
435 355
435 407
435 492
436 99
436 163
436 230
436 246
436 293
436 367
436 484
437 169
437 296
437 307
437 396
437 446
438 40
438 161
438 222
438 240
438 344
439 42
439 89
439 249
439 285
440 264
441 94
441 164
441 283
441 437
442 84
442 236
442 285
443 79
443 85
443 113
443 155
443 257
443 275
443 347
443 353
444 25
444 30
444 46
444 118
444 130
444 171
444 316
444 369
445 16
445 47
445 171
445 274
445 324
445 401
446 192
446 236
447 38
447 177
448 24
448 259
448 425
449 195
449 227
449 292
449 495
450 2
450 166
450 244
450 304
450 313
450 368
450 481
451 232
452 31
452 120
452 137
452 322
452 358
452 362
453 83
453 116
453 125
453 266
453 376
453 380
453 424
453 447
453 491
454 48
454 295
454 299
454 315
454 365
454 374
454 410
454 423
455 35
455 57
455 130
455 172
455 288
455 415
455 433
456 74
456 117
456 118
456 173
456 206
456 213
456 393
456 397
456 404
457 44
457 284
457 289
457 317
457 336
457 471
458 253
458 309
459 39
459 171
459 345
459 375
459 408
459 452
460 100
460 179
460 264
460 306
460 492
461 136
461 271
461 432
462 370
463 111
463 444
464 26
464 150
464 390
464 395
464 454
465 9
465 62
465 364
465 370
466 167
466 253
466 349
466 366
466 484
467 11
467 23
467 142
467 192
467 216
468 30
468 44
468 341
468 446
469 115
469 190
469 274
469 319
469 343
470 2
470 22
470 50
470 99
470 144
470 235
470 293
470 305
471 169
471 377
472 55
472 186
472 200
472 246
472 324
472 347
472 371
472 490
473 16
473 154
473 217
473 463
474 32
474 192
474 298
474 436
475 199
475 367
475 480
475 490
476 0
476 34
476 61
476 75
476 83
476 250
476 307
476 434
477 22
477 85
477 304
477 373
477 424
478 99
478 165
478 198
478 375
478 376
478 478
479 227
479 337
479 338
479 449
479 498
480 77
480 114
480 267
480 341
480 452
481 119
481 136
481 236
481 326
482 97
482 229
482 254
482 300
482 308
482 400
482 452
483 87
483 129
483 159
483 246
483 324
483 493
484 225
484 369
484 450
485 40
485 168
485 367
486 1
486 106
486 343
486 384
487 14
487 97
487 113
487 161
487 226
488 105
488 248
488 294
488 334
488 401
488 491
489 48
489 163
489 292
489 444
489 447
490 8
490 42
490 150
490 368
490 399
490 428
491 13
491 125
491 167
491 332
491 355
491 403
492 59
492 207
493 137
493 211
493 247
493 293
493 321
494 142
494 179
494 187
494 199
494 255
494 265
494 354
495 12
495 42
495 102
496 27
496 253
496 438
497 13
497 17
497 134
497 212
497 263
497 291
497 343
497 373
497 467
498 161
498 206
499 164
499 198
499 289
499 454