100
D
0 14
0 18
0 25
0 26
0 27
0 39
0 43
0 48
0 55
0 61
0 66
0 85
0 88
0 92
0 94
0 95
0 99
1 10
1 12
1 16
1 19
1 30
1 37
1 38
1 39
1 42
1 44
1 52
1 53
1 54
1 57
1 61
1 63
1 76
1 77
1 79
1 88
1 89
1 96
1 99
2 5
2 6
2 7
2 11
2 18
2 19
2 26
2 27
2 30
2 32
2 35
2 49
2 54
2 55
2 59
2 82
2 89
2 94
2 95
3 3
3 18
3 19
3 22
3 23
3 39
3 42
3 44
3 47
3 49
3 52
3 53
3 60
3 61
3 66
3 72
3 74
3 76
3 78
3 84
4 2
4 3
4 12
4 13
4 15
4 17
4 22
4 23
4 27
4 28
4 34
4 41
4 48
4 64
4 66
4 68
4 70
4 75
4 80
4 81
4 82
4 86
4 87
4 91
4 94
5 7
5 8
5 16
5 34
5 39
5 47
5 52
5 53
5 60
5 72
5 74
5 83
5 87
5 92
5 96
5 99
6 6
6 12
6 14
6 18
6 19
6 21
6 35
6 39
6 50
6 52
6 62
6 65
6 66
6 74
6 79
6 85
6 94
7 3
7 4
7 6
7 18
7 20
7 21
7 38
7 41
7 61
7 63
7 68
7 72
7 83
7 87
7 88
7 89
7 92
7 93
7 96
8 0
8 1
8 4
8 15
8 31
8 34
8 39
8 44
8 45
8 52
8 63
8 86
8 88
8 96
8 97
8 98
9 2
9 4
9 8
9 36
9 40
9 41
9 43
9 45
9 46
9 53
9 55
9 62
9 69
9 71
9 75
9 78
9 79
9 84
9 88
9 90
9 96
10 24
10 27
10 33
10 34
10 35
10 40
10 41
10 44
10 47
10 56
10 57
10 60
10 62
10 63
10 66
10 70
10 71
10 72
10 77
10 82
10 83
10 94
10 98
11 2
11 4
11 7
11 9
11 18
11 25
11 37
11 38
11 51
11 52
11 63
11 85
11 86
12 0
12 1
12 4
12 12
12 25
12 27
12 29
12 41
12 42
12 45
12 56
12 57
12 58
12 67
12 68
12 69
12 71
12 76
12 78
12 81
12 89
12 90
12 97
12 99
13 2
13 12
13 13
13 16
13 17
13 25
13 36
13 38
13 41
13 44
13 50
13 51
13 55
13 56
13 57
13 73
13 75
13 91
13 97
13 98
14 5
14 6
14 10
14 19
14 29
14 32
14 33
14 37
14 45
14 46
14 47
14 52
14 54
14 56
14 57
14 67
14 69
14 71
14 80
14 88
14 90
14 96
14 97
14 98
15 0
15 4
15 12
15 21
15 30
15 31
15 39
15 44
15 58
15 62
15 63
15 72
15 74
15 78
15 79
15 80
15 81
15 85
15 87
15 89
15 92
15 99
16 6
16 15
16 18
16 28
16 37
16 39
16 43
16 45
16 55
17 0
17 5
17 7
17 8
17 12
17 15
17 16
17 28
17 37
17 45
17 50
17 54
17 63
17 66
17 74
17 75
17 76
17 77
17 90
17 95
17 99
18 17
18 21
18 25
18 33
18 35
18 37
18 41
18 43
18 47
18 50
18 52
18 58
18 59
18 60
18 64
18 67
18 71
18 81
18 87
18 88
18 92
18 93
18 94
19 3
19 19
19 20
19 24
19 25
19 26
19 34
19 36
19 39
19 40
19 44
19 55
19 56
19 57
19 59
19 68
19 69
19 70
19 71
19 72
19 73
19 85
19 88
20 7
20 8
20 12
20 16
20 18
20 24
20 30
20 33
20 34
20 39
20 40
20 50
20 51
20 52
20 55
20 57
20 58
20 62
20 69
20 71
20 75
20 81
20 83
20 87
20 88
20 93
20 94
21 1
21 8
21 10
21 13
21 14
21 20
21 21
21 23
21 28
21 29
21 30
21 33
21 35
21 37
21 39
21 42
21 48
21 57
21 62
21 64
21 72
21 74
21 75
21 76
21 78
21 79
21 83
21 84
21 94
22 3
22 6
22 15
22 17
22 18
22 20
22 21
22 23
22 25
22 30
22 32
22 37
22 38
22 43
22 44
22 51
22 59
22 60
22 64
22 70
22 79
22 88
22 96
23 10
23 14
23 26
23 27
23 29
23 32
23 33
23 35
23 40
23 44
23 45
23 69
23 71
23 73
23 76
23 81
23 82
23 84
23 88
23 90
23 92
23 95
24 3
24 8
24 9
24 16
24 18
24 32
24 34
24 39
24 40
24 42
24 48
24 49
24 50
24 52
24 54
24 57
24 65
24 67
24 77
24 78
24 79
24 80
24 83
25 15
25 18
25 22
25 24
25 29
25 33
25 35
25 42
25 45
25 59
25 62
25 65
25 71
25 75
25 78
25 84
25 98
26 0
26 4
26 14
26 18
26 24
26 31
26 58
26 59
26 61
26 64
26 65
26 68
26 71
26 75
26 76
26 82
26 83
26 86
26 88
26 92
26 93
26 94
26 95
27 6
27 8
27 13
27 17
27 27
27 39
27 45
27 51
27 59
27 60
27 61
27 64
27 68
27 72
27 77
27 82
27 83
27 84
27 98
28 5
28 10
28 22
28 24
28 30
28 35
28 38
28 41
28 44
28 52
28 67
28 72
28 76
28 79
28 84
28 88
28 94
29 3
29 11
29 17
29 30
29 32
29 37
29 39
29 44
29 47
29 50
29 53
29 55
29 58
29 60
29 61
29 67
29 75
29 77
29 79
29 83
29 89
29 92
29 95
29 99
30 0
30 1
30 9
30 23
30 26
30 33
30 35
30 50
30 57
30 62
30 69
30 75
30 78
30 81
30 83
30 84
30 88
30 89
30 92
30 93
30 97
31 4
31 6
31 7
31 8
31 10
31 18
31 23
31 29
31 31
31 32
31 35
31 37
31 39
31 40
31 55
31 60
31 63
31 69
31 75
31 85
31 86
31 88
31 89
31 98
32 12
32 22
32 23
32 26
32 38
32 43
32 52
32 62
32 66
32 79
32 85
32 93
32 94
33 2
33 4
33 10
33 31
33 36
33 37
33 39
33 41
33 42
33 46
33 64
33 78
33 80
33 82
33 94
33 95
33 97
34 4
34 7
34 12
34 15
34 17
34 18
34 21
34 39
34 42
34 51
34 53
34 60
34 66
34 73
34 76
34 77
34 84
34 86
34 89
34 93
35 4
35 19
35 24
35 27
35 28
35 29
35 30
35 36
35 38
35 43
35 49
35 52
35 53
35 57
35 58
35 64
35 67
35 68
35 70
35 72
35 73
35 87
35 92
35 96
35 99
36 0
36 17
36 19
36 38
36 43
36 45
36 51
36 55
36 58
36 65
36 70
36 74
36 85
36 91
36 98
36 99
37 10
37 31
37 35
37 37
37 38
37 39
37 40
37 41
37 42
37 46
37 47
37 58
37 59
37 60
37 63
37 71
37 77
37 82
37 86
37 88
37 96
38 7
38 15
38 24
38 32
38 36
38 41
38 46
38 61
38 65
38 67
38 81
38 87
38 88
38 93
38 96
38 99
39 0
39 3
39 5
39 8
39 11
39 14
39 24
39 31
39 32
39 38
39 45
39 54
39 57
39 62
39 70
39 75
39 82
39 90
39 93
39 96
40 3
40 7
40 8
40 10
40 12
40 17
40 22
40 23
40 28
40 30
40 35
40 38
40 48
40 51
40 55
40 69
40 75
40 76
40 78
40 83
40 87
40 91
40 93
40 96
40 97
41 2
41 3
41 4
41 5
41 7
41 8
41 15
41 30
41 31
41 39
41 44
41 62
41 67
41 72
41 78
41 79
41 86
41 88
41 90
41 93
41 98
41 99
42 1
42 14
42 28
42 46
42 49
42 61
42 64
42 65
42 67
42 74
42 78
42 79
42 90
42 93
42 99
43 0
43 4
43 10
43 14
43 19
43 21
43 23
43 27
43 32
43 38
43 39
43 42
43 44
43 47
43 48
43 50
43 56
43 57
43 58
43 62
43 72
43 74
43 86
43 87
43 90
43 91
43 92
43 94
43 97
43 99
44 4
44 13
44 21
44 22
44 26
44 27
44 29
44 31
44 35
44 38
44 40
44 42
44 43
44 51
44 54
44 57
44 59
44 71
44 72
44 74
44 79
44 80
44 90
44 91
44 98
44 99
45 9
45 12
45 13
45 21
45 23
45 24
45 25
45 26
45 35
45 42
45 47
45 49
45 62
45 64
45 68
45 72
45 74
45 76
45 80
45 83
45 88
45 91
45 93
46 2
46 10
46 28
46 32
46 41
46 46
46 48
46 51
46 53
46 71
46 72
47 6
47 7
47 9
47 11
47 15
47 17
47 20
47 29
47 41
47 44
47 45
47 46
47 51
47 59
47 65
47 67
47 71
47 73
47 74
47 76
47 78
47 81
47 82
47 83
47 85
47 90
47 94
47 95
48 0
48 2
48 9
48 11
48 16
48 18
48 23
48 24
48 29
48 32
48 42
48 46
48 48
48 52
48 55
48 60
48 61
48 62
48 63
48 64
48 65
48 70
48 73
48 81
48 82
48 88
48 93
49 1
49 4
49 5
49 6
49 8
49 9
49 16
49 17
49 25
49 30
49 33
49 40
49 44
49 57
49 60
49 70
49 71
49 74
49 75
49 79
49 81
49 83
49 85
49 94
49 95
49 97
50 0
50 4
50 9
50 12
50 20
50 37
50 38
50 39
50 47
50 49
50 50
50 58
50 59
50 60
50 65
50 69
50 74
50 77
50 81
50 82
50 85
50 87
50 98
51 2
51 7
51 10
51 11
51 17
51 18
51 21
51 29
51 33
51 34
51 44
51 52
51 54
51 55
51 57
51 58
51 60
51 62
51 63
51 70
51 71
51 72
51 74
51 79
51 85
51 92
51 99
52 0
52 1
52 4
52 7
52 14
52 20
52 24
52 36
52 40
52 50
52 52
52 57
52 58
52 59
52 71
52 73
52 77
52 78
52 79
52 80
52 82
52 86
52 99
53 19
53 21
53 33
53 37
53 46
53 48
53 53
53 61
53 66
53 73
53 80
53 85
53 88
53 91
53 96
53 99
54 5
54 9
54 11
54 13
54 17
54 20
54 21
54 29
54 30
54 34
54 37
54 39
54 44
54 46
54 51
54 59
54 60
54 64
54 70
54 71
54 90
54 97
55 0
55 4
55 10
55 15
55 16
55 20
55 21
55 22
55 25
55 28
55 31
55 39
55 40
55 43
55 50
55 53
55 63
55 64
55 65
55 73
55 76
55 90
55 95
56 1
56 5
56 8
56 12
56 21
56 22
56 24
56 27
56 30
56 42
56 43
56 47
56 59
56 64
56 66
56 72
56 75
56 79
56 86
56 93
56 99
57 3
57 4
57 6
57 20
57 46
57 52
57 54
57 65
57 86
57 87
57 92
57 96
57 99
58 4
58 12
58 18
58 23
58 25
58 29
58 37
58 39
58 42
58 43
58 44
58 47
58 55
58 58
58 62
58 67
58 69
58 83
58 90
58 92
59 3
59 5
59 12
59 17
59 48
59 55
59 56
59 69
59 71
59 74
59 78
59 81
59 83
59 90
59 97
59 98
59 99
60 3
60 4
60 13
60 24
60 26
60 40
60 42
60 46
60 47
60 51
60 53
60 57
60 64
60 69
60 70
60 72
60 79
60 81
60 84
60 85
60 91
60 92
60 95
60 97
60 99
61 1
61 6
61 7
61 13
61 21
61 25
61 26
61 28
61 31
61 36
61 48
61 49
61 54
61 66
61 81
61 83
61 85
61 88
61 92
62 3
62 10
62 16
62 17
62 18
62 23
62 29
62 33
62 36
62 41
62 43
62 58
62 61
62 64
62 69
62 74
62 78
62 86
62 88
62 96
63 1
63 5
63 20
63 22
63 26
63 30
63 31
63 34
63 38
63 42
63 49
63 57
63 58
63 67
63 70
63 73
63 78
63 82
63 87
63 90
63 94
63 97
64 0
64 3
64 6
64 7
64 8
64 17
64 35
64 36
64 39
64 41
64 43
64 52
64 53
64 54
64 66
64 76
64 77
64 89
64 90
65 6
65 16
65 29
65 34
65 36
65 40
65 49
65 59
65 69
65 83
65 84
65 92
65 97
66 2
66 6
66 7
66 10
66 15
66 16
66 20
66 29
66 33
66 35
66 42
66 72
66 73
66 79
66 80
66 84
66 86
66 88
66 93
67 1
67 4
67 22
67 23
67 26
67 30
67 40
67 42
67 50
67 51
67 55
67 60
67 62
67 65
67 67
67 80
67 86
67 90
67 92
67 95
68 0
68 2
68 3
68 8
68 10
68 14
68 24
68 29
68 30
68 31
68 34
68 40
68 41
68 43
68 47
68 50
68 53
68 54
68 71
68 74
68 83
68 88
68 92
68 99
69 1
69 2
69 6
69 15
69 25
69 28
69 39
69 45
69 47
69 48
69 51
69 60
69 62
69 65
69 73
69 75
69 80
69 83
69 85
69 86
69 88
69 89
69 93
69 94
70 0
70 1
70 4
70 15
70 21
70 23
70 25
70 30
70 33
70 37
70 43
70 51
70 53
70 54
70 55
70 58
70 60
70 63
70 69
70 71
70 86
70 95
71 1
71 2
71 6
71 9
71 12
71 15
71 16
71 20
71 21
71 22
71 23
71 28
71 30
71 34
71 35
71 42
71 45
71 58
71 61
71 63
71 64
71 67
71 68
71 82
71 86
72 1
72 7
72 10
72 13
72 14
72 16
72 39
72 55
72 61
72 64
72 66
72 74
72 87
72 89
72 99
73 5
73 6
73 16
73 24
73 34
73 36
73 45
73 52
73 53
73 56
73 57
73 60
73 72
73 76
73 78
73 79
73 80
73 81
74 1
74 2
74 9
74 12
74 21
74 28
74 42
74 43
74 51
74 55
74 59
74 60
74 66
74 71
74 74
74 75
74 76
74 83
74 87
74 89
74 90
74 96
74 98
74 99
75 0
75 1
75 6
75 10
75 14
75 16
75 20
75 29
75 32
75 38
75 43
75 47
75 51
75 54
75 56
75 65
75 75
75 87
75 94
75 97
76 1
76 5
76 9
76 12
76 13
76 33
76 37
76 45
76 47
76 48
76 50
76 53
76 60
76 61
76 64
76 66
76 71
76 73
76 75
76 76
76 82
76 89
76 99
77 2
77 7
77 11
77 13
77 15
77 16
77 17
77 20
77 22
77 24
77 29
77 30
77 33
77 37
77 40
77 51
77 53
77 54
77 55
77 62
77 63
77 65
77 67
77 69
77 82
77 85
78 5
78 21
78 24
78 25
78 34
78 37
78 48
78 49
78 51
78 65
78 74
78 78
78 82
78 87
78 89
78 96
79 0
79 9
79 11
79 13
79 17
79 19
79 32
79 34
79 35
79 38
79 39
79 48
79 60
79 61
79 67
79 75
79 78
79 84
79 88
79 97
79 98
80 2
80 3
80 9
80 12
80 16
80 28
80 33
80 38
80 41
80 45
80 68
80 70
80 71
80 94
80 95
81 0
81 5
81 6
81 13
81 17
81 18
81 19
81 22
81 24
81 39
81 50
81 52
81 63
81 69
81 78
81 80
81 81
81 88
81 91
82 2
82 7
82 15
82 17
82 40
82 41
82 43
82 44
82 45
82 46
82 49
82 54
82 55
82 62
82 65
82 84
82 90
82 91
82 92
82 96
83 4
83 8
83 14
83 15
83 17
83 21
83 25
83 36
83 39
83 55
83 56
83 57
83 59
83 60
83 65
83 67
83 77
83 79
83 83
83 87
83 96
84 2
84 3
84 8
84 25
84 28
84 30
84 43
84 46
84 51
84 62
84 68
84 75
84 76
84 78
84 91
84 97
85 1
85 6
85 7
85 8
85 10
85 18
85 20
85 47
85 55
85 58
85 65
85 71
85 76
85 79
85 83
85 87
85 89
85 99
86 6
86 7
86 29
86 30
86 35
86 56
86 59
86 60
86 69
86 73
86 76
86 83
86 84
86 91
86 92
87 1
87 4
87 16
87 18
87 34
87 46
87 52
87 55
87 59
87 65
87 70
87 71
87 76
87 77
87 78
87 87
87 88
87 93
88 4
88 14
88 21
88 23
88 28
88 36
88 45
88 46
88 50
88 51
88 62
88 68
88 77
88 79
88 86
88 92
88 98
88 99
89 0
89 15
89 24
89 28
89 31
89 35
89 36
89 38
89 47
89 60
89 64
89 70
89 71
89 72
89 76
89 79
89 82
89 88
89 89
89 90
89 95
89 97
90 1
90 2
90 7
90 13
90 15
90 17
90 20
90 26
90 30
90 31
90 40
90 43
90 51
90 55
90 61
90 67
90 68
90 71
90 87
90 89
90 90
91 0
91 17
91 31
91 37
91 38
91 41
91 53
91 58
91 82
91 90
92 1
92 3
92 4
92 17
92 21
92 23
92 24
92 25
92 33
92 38
92 48
92 49
92 51
92 62
92 64
92 76
92 77
92 81
92 84
92 89
92 96
93 3
93 19
93 25
93 28
93 32
93 53
93 61
93 66
93 68
93 78
93 83
93 84
93 85
93 88
93 95
93 97
94 1
94 2
94 4
94 10
94 15
94 20
94 26
94 30
94 33
94 35
94 40
94 41
94 44
94 46
94 58
94 75
94 78
94 83
94 85
94 87
94 90
94 94
94 99
95 18
95 22
95 29
95 32
95 33
95 38
95 39
95 50
95 56
95 61
95 64
95 69
95 71
95 74
95 90
95 96
95 99
96 3
96 5
96 11
96 21
96 22
96 28
96 34
96 35
96 36
96 40
96 41
96 61
96 63
96 65
96 67
96 71
96 73
96 89
96 91
96 93
97 3
97 6
97 11
97 21
97 32
97 38
97 41
97 49
97 54
97 57
97 59
97 66
97 68
97 77
97 79
97 80
97 83
97 84
97 86
97 90
97 91
97 93
97 94
98 2
98 14
98 15
98 18
98 20
98 24
98 25
98 29
98 31
98 38
98 39
98 41
98 56
98 57
98 63
98 72
98 81
98 82
98 85
98 86
98 91
98 99
99 1
99 2
99 8
99 11
99 29
99 30
99 33
99 39
99 47
99 48
99 51
99 65
99 66
99 72
99 74
99 80
99 83
99 94
99 95
99 97